predicted_class,prob_class_0,prob_class_1,prob_class_2
0,0.9111542125774335,0.08876671551070961,7.907191185689812e-05
0,0.9980435049237979,1.1511658881631072e-06,0.0019553439103140117
0,0.9816169355137795,0.018309900377496916,7.316410872356015e-05
2,0.0009241093864145752,0.0005716388553347462,0.9985042517582506
0,0.5122679373387892,0.48584846353624767,0.001883599124963142
1,0.02321358185023967,0.9764468176894165,0.00033960046034392966
2,0.0058589551721699865,0.0002574959824424995,0.9938835488453874
1,0.00154548206189911,0.9983790976766828,7.542026141796878e-05
0,0.5867892771833854,4.869167724988465e-07,0.4132102358998422
0,0.6792942379765948,5.4580485718984955e-06,0.3207003039748333
1,0.004363847863018263,0.8572195588951825,0.13841659324179909
1,0.025738833842781528,0.9707865880351184,0.0034745781220999724
2,0.4214412727525531,1.54223168565581e-05,0.5785433049305903
2,0.01322100397855639,0.027116119718534944,0.9596628763029086
2,0.003991641325992688,8.721123537721571e-07,0.9960074865616535
0,0.9986044679051487,0.0007429759775288645,0.000652556117322328
2,0.0011657071357109164,1.6913462678324731e-06,0.9988326015180213
1,0.005633672845070842,0.9884617411188991,0.005904586036030062
2,0.42118794986730645,0.0002035411535292473,0.5786085089791644
1,0.0002875573229582507,0.9997012584319941,1.1184245047637897e-05
2,0.0005895739907197886,9.119023968872251e-07,0.9994095141068834
0,0.9943936303442835,0.0043850321064258365,0.0012213375492906207
1,0.00011472721991666725,0.9998839049146945,1.3678653889093361e-06
2,0.002552542460519474,6.346607396425073e-07,0.9974468228787409
0,0.9999556810709416,4.457504898987167e-06,3.9861424159496815e-05
1,0.0008609299643756915,0.998919703546405,0.00021936648921922264
1,0.11843815960740045,0.8804348797992624,0.0011269605933369904
0,0.9613626371219796,1.9865229473666953e-05,0.03861749764854666
2,0.000382850307590946,2.1350667394004696e-05,0.999595799025015
0,0.7796166018701939,0.008117678869695064,0.21226571926011112
0,0.8296769992858308,0.15507395021255807,0.015249050501610982
2,0.0004786100185759361,8.645318097199385e-07,0.9995205254496144
2,0.00031100399425367116,6.028590735023835e-06,0.9996829674150114
0,0.9997462533484406,7.545209442744643e-05,0.00017829455713209869
2,0.004244558541943976,8.821873989478877e-07,0.9957545592706571
0,0.9870753240489955,0.0127795922675424,0.00014508368346221657
2,0.004996669570718401,1.105090161347045e-05,0.9949922795276681
1,0.001736299383317126,0.9958422572770295,0.002421443339653435
1,0.014639702929788292,0.969204065394237,0.016156231675974606
2,0.3581773454461553,9.0873716015437e-05,0.6417317808378292
2,0.0030414930562787136,1.8071542667377093e-06,0.9969566997894546
0,0.9708780704142284,0.026859737799819147,0.002262191785952598
0,0.9990385301108492,0.0005496983556802507,0.00041177153347069265
0,0.9833992369336426,0.0005681111918729349,0.016032651874484657
2,0.24963821896502936,0.006424582531434814,0.7439371985035358
0,0.998939408976608,0.0010047066478704534,5.5884375521463374e-05
2,0.28002133407860275,3.6986841571540586e-05,0.7199416790798258
1,0.0025406724021618038,0.9974559895525861,3.3380452521558857e-06
1,0.014796825260522848,0.9850709002431887,0.0001322744962885891
0,0.9990983145831727,0.0004490708332021496,0.0004526145836250057
0,0.6259175643737598,0.04540774265082096,0.3286746929754192
1,0.17369277275551875,0.8163992982739547,0.009907928970526576
2,0.001830189476397395,0.0008164282934938088,0.9973533822301087
0,0.5626477914507132,0.1556006539436924,0.2817515546055943
2,0.002097043475646368,0.002335107218561716,0.9955678493057919
0,0.8887012380531516,0.00045896938665933177,0.11083979256018897
2,0.02282279952485619,5.5750103109543114e-08,0.9771771447250407
2,0.06064034357857819,1.600025975243118e-05,0.9393436561616694
2,0.06622176792613367,0.03295401286346938,0.9008242192103969
2,0.0009545450654435895,3.495750593064733e-05,0.9990104974286258
2,0.0005832890556179963,0.00020525001321985186,0.9992114609311622
0,0.9774446153618396,0.01980110277999198,0.0027542818581684464
0,0.9910037293107786,0.008403398413508472,0.0005928722757128327
1,0.1627619339455825,0.8372058991446598,3.2166909757614244e-05
1,0.0013048379329581514,0.9982249090349006,0.000470253032141156
2,0.01687165438175071,0.012514435791370593,0.9706139098268788
1,0.0005613340803892618,0.9993736537251233,6.501219448758303e-05
2,0.00021763496426905682,0.000115587657435547,0.9996667773782953
0,0.999038096008849,0.0003089421824232403,0.0006529618087275798
2,0.00016310371731953656,9.963376353902176e-06,0.9998269329063266
0,0.9908218357110239,0.0005396729152802216,0.00863849137369575
0,0.9998808264548718,7.349979790278215e-07,0.00011843854714935605
2,0.012794381998624114,0.003532788966410141,0.9836728290349658
2,0.0007739584041548644,9.950797607963103e-05,0.9991265336197654
1,6.881247798097193e-05,0.9999309006065658,2.869154533869901e-07
0,0.9618440406001015,3.723099927347995e-06,0.03815223629997129
1,0.0014087317675609613,0.9985674234969173,2.38447355216856e-05
0,0.9949360638333244,0.000428323277906175,0.004635612888769336
2,0.029523241650352246,0.00023043521288719382,0.9702463231367606
2,0.00014751644783197126,6.568390752247327e-07,0.9998518267130928
0,0.8963280419289036,0.031315415669769704,0.07235654240132663
0,0.9964628948798999,0.00013216333073757692,0.0034049417893625283
0,0.9274318537376948,0.0023682566987042585,0.07019988956360093
2,0.05328554767173143,4.4152007750724873e-05,0.9466703003205179
1,0.002111950560726422,0.9978813227002914,6.726738982168437e-06
2,0.019786136629691177,0.04608637508030035,0.9341274882900084
1,0.0011301162418636231,0.9988674672917038,2.416466432592379e-06
1,0.0010426746654840949,0.9987767590520188,0.0001805662824969995
0,0.9984093599023627,0.00092412811322864,0.0006665119844087619
2,0.08279683938709921,0.002396957980609019,0.9148062026322917
0,0.9247528345015148,0.03478153785439603,0.04046562764408913
1,0.09566711198157359,0.9031370537691586,0.0011958342492677683
2,0.3343496055419033,8.149054502565256e-06,0.6656422454035941
1,0.0017463215968662993,0.9980479294147084,0.0002057489884251918
2,0.062418857798342296,1.5372500628767365e-06,0.9375796049515948
0,0.9999747913552991,2.1411275110100674e-05,3.7973695908373207e-06
1,0.0024407771802079227,0.9975272618928811,3.196092691097408e-05
1,0.16172251785365588,0.8367351145505019,0.001542367595842294
1,0.0018957899722747411,0.9976656493957967,0.0004385606319287204
0,0.5216095090969964,0.16335640196341822,0.3150340889395853
0,0.997554887009936,1.4612288836337247e-05,0.002430500701227628
0,0.981282932951084,0.0002710913402145813,0.018445975708701504
0,0.9766167635119588,0.017334534995721247,0.00604870149232004
1,4.892606605423759e-05,0.9999509776545823,9.627936349492088e-08
1,0.024384400246644174,0.9745160735147532,0.0010995262386026374
1,0.007207494353966509,0.9899273400568436,0.0028651655891898747
1,0.06577578207910169,0.9341623603281198,6.185759277865232e-05
1,0.06660762199100566,0.933382539590791,9.838418203355063e-06
0,0.9877964263876282,0.0002439362981687012,0.011959637314203053
1,0.058835782334719304,0.9396064335545701,0.001557784110710564
0,0.7600862315408278,0.2357312498180463,0.004182518641125923
0,0.9805829190314552,0.01342874555452638,0.005988335414018384
1,0.029908419457047017,0.9691843934778108,0.0009071870651420107
1,0.0005418682201667961,0.9994143162168396,4.381556299366553e-05
0,0.7373686269781702,0.22676834951690622,0.035863023504923625
1,0.0009885971520403364,0.9989587691616161,5.2633686343601984e-05
1,5.889022101988768e-05,0.999937898802041,3.210976939162275e-06
2,0.0002035476099070684,4.965746673790416e-05,0.999746794923355
1,0.0001316422381138795,0.9998512932855756,1.7064476310434346e-05
1,0.21899810550424656,0.7789735686643138,0.0020283258314395614
0,0.9947377630694083,0.004935427308285055,0.0003268096223065951
2,0.0014450024648874605,0.02647120444473929,0.9720837930903733
1,0.10997860697891082,0.8810435108758419,0.008977882145247454
1,0.0021234462562284904,0.9978629946951717,1.3559048599806998e-05
1,0.24920173992791803,0.5270518784702506,0.22374638160183144
1,0.13973990422378318,0.7460672965075268,0.11419279926868998
1,0.01572663291784423,0.8708576355511957,0.11341573153096005
2,0.16123936609510975,0.0002365465518671973,0.8385240873530231
2,0.178326530766487,0.021103596125927538,0.8005698731075855
0,0.6772049106322517,0.20708469754856768,0.11571039181918068
1,0.15591521258317026,0.433559201547318,0.4105255858695118
1,5.661900923942616e-06,0.9999930298624689,1.3082366071851304e-06
2,0.004635050297385317,0.0018253696583582018,0.9935395800442565
0,0.9743141829587969,0.019752067813921324,0.005933749227281929
2,0.10080026158963222,0.0006516085824041112,0.8985481298279637
1,0.003646732829712638,0.9951965755260406,0.001156691644246838
0,0.9694369613330271,0.0002890131901708273,0.030274025476802077
0,0.9898517706714803,0.008599030309010722,0.0015491990195089466
2,0.0016187924725663877,9.175953002114348e-06,0.9983720315744316
0,0.9767468885119432,0.00047191156587416593,0.022781199922182565
0,0.9871135560150023,0.010951148890587167,0.0019352950944107274
0,0.9243534150514188,0.009328390692116592,0.06631819425646455
0,0.6734207737989526,0.0010039244326914948,0.3255753017683558
0,0.9778924351580924,0.0217921741544401,0.00031539068746731964
2,0.022086599227563085,5.742058598286012e-05,0.9778559801864541
0,0.8851193675459813,0.002315109673948507,0.1125655227800701
2,0.056601006749667615,0.0001453361763033095,0.9432536570740292
2,0.011503539215047784,1.6119274308909153e-06,0.9884948488575213
1,8.15935790667028e-05,0.9999176089846303,7.974363030856878e-07
0,0.9990966067121483,0.0004030131472913555,0.0005003801405603912
1,0.0007266408619714039,0.9992721933482425,1.1657897861734797e-06
0,0.6025191810137328,0.2139243396796747,0.18355647930659258
1,0.01592680390926301,0.9838153090790647,0.0002578870116722505
2,0.027235075819025775,3.27961518277797e-08,0.9727648913848223
2,0.011766245604802925,6.313662057954862e-07,0.9882331230289912
2,0.28869613370560443,1.5118825693675838e-05,0.711288747468702
0,0.9614400140237102,7.395041614537307e-06,0.03855259093467549
2,0.05715269488297916,9.628375218095323e-06,0.9428376767418029
2,0.003101945994694834,0.009108818148536169,0.987789235856769
1,0.02539018891302428,0.97354188126045,0.0010679298265257422
1,0.00516165165002009,0.9948362779273764,2.07042260347231e-06
0,0.9969478643931037,0.00013626388116537566,0.0029158717257310863
0,0.9746541866113253,4.982446116381971e-06,0.025340830942558134
1,0.017940048086745663,0.9820137197421178,4.623217113652969e-05
0,0.5709276867225135,0.004054531521995571,0.4250177817554909
0,0.9910125820233936,0.0001516205824103818,0.008835797394196071
0,0.9336521145818135,0.00472059262780964,0.06162729279037699
2,0.13775181316332555,0.00034644477685017117,0.8619017420598244
1,0.006534102519081867,0.9918787006471949,0.0015871968337233548
2,0.0009812721578340245,5.643743409625732e-06,0.9990130840987563
2,0.0005683880553099698,2.4869173876309084e-08,0.999431587075516
0,0.9558774819603726,0.008578301963464952,0.035544216076162385
1,0.1184459455020355,0.46072833262239055,0.4208257218755739
1,0.06955441900115628,0.486395804954419,0.44404977604442475
0,0.9617751712443112,0.026562159811518733,0.01166266894417002
1,0.030799263681315043,0.8938382738824402,0.07536246243624466
1,0.0007639353095423963,0.9990987106469124,0.00013735404354506232
1,0.02301101344213277,0.9747303435572918,0.0022586430005754523
0,0.9660963773003689,1.060363525541752e-05,0.03389301906437567
0,0.645937878922479,0.25518457449704385,0.09887754658047722
2,0.01241950700995419,1.0375598555370784e-06,0.9875794554301903
1,0.44130582372775307,0.5230851547863015,0.035609021485945434
0,0.9657160793215384,0.005015017896853758,0.029268902781607754
0,0.6444440453776404,0.004287613633373626,0.351268340988986
1,0.0007014740384415055,0.9992789780328218,1.954792873666136e-05
1,0.0006365157549739949,0.9993551917404742,8.292504551740753e-06
1,0.00017407899586252939,0.9997936493665578,3.2271637579712973e-05
0,0.9602518194404127,0.0010124295577495388,0.03873575100183788
0,0.999121295812716,0.00012676012603330945,0.0007519440612506499
2,0.468031747852517,0.00040104519103875664,0.5315672069564442
0,0.5575964486768702,0.4371567057141941,0.005246845608935602
1,0.0002346503107843303,0.9997587745860943,6.575103121375025e-06
1,0.00800033931200009,0.9915387789891955,0.000460881698804386
2,0.0002865633888122366,6.207133881483301e-07,0.9997128158977997
0,0.5951139636284591,0.006728317274136502,0.39815771909740433
1,0.001353276949790756,0.9986407896755087,5.933374700600638e-06
1,0.000892569156367599,0.9990208118146643,8.661902896811026e-05
1,0.3568327702172205,0.6395852856347508,0.003581944148028732
2,0.0005766003491543013,1.845818248656674e-07,0.9994232150690208
1,0.27857847646395884,0.7182704193331289,0.0031511042029123615
2,0.04515539315823261,0.00012327097839544819,0.9547213358633718
2,0.0008489921597588917,4.937478598304153e-08,0.9991509584654552
1,0.0016248970479433424,0.9981463443012322,0.00022875865082458945
2,0.04119959800693511,0.0006546961750323536,0.9581457058180325
0,0.9672329054680893,0.0320452955732663,0.0007217989586442718
0,0.9241152057732803,0.0036657069375049195,0.07221908728921476
1,6.549448362170767e-06,0.999992236961254,1.2135903837716752e-06
1,0.0002555374343113378,0.999660151633083,8.431093260572692e-05
1,0.047679977452645295,0.9522147711114279,0.00010525143592678904
2,0.4765390965044181,3.3039332961800905e-05,0.5234278641626201
1,0.002992918855958522,0.9965544678041672,0.00045261333987418363
2,0.00014036753247996737,3.339531125061914e-05,0.9998262371562694
1,0.0002525045247137805,0.99957316127757,0.00017433419771628847
0,0.9998912367466407,1.2337315770047655e-05,9.642593758930781e-05
1,0.0001186574055844096,0.9998090877732613,7.225482115441246e-05
0,0.9980275400721392,0.0014361088851737557,0.0005363510426870152
0,0.7842562339990837,0.2157140898670364,2.9676133879872627e-05
2,0.006336890747500415,0.001061394794277368,0.9926017144582222
1,0.0011059457658339248,0.9978062365654917,0.001087817668674274
0,0.8396162748084989,0.1601595720518023,0.000224153139698825
1,0.015491836385773856,0.9842795978340919,0.0002285657801343709
0,0.8591541003486317,0.12719769254563984,0.013648207105728458
1,0.47193414449660226,0.5277147724550938,0.0003510830483039334
2,0.0014457441044658532,3.2161686776295954e-07,0.9985539342786663
1,0.31890653381992234,0.6361035342136385,0.044989931966438954
2,0.056605527409769395,0.0024260953318203625,0.9409683772584102
1,0.005908359842980225,0.9936023314570639,0.0004893086999559368
1,0.017684267989914865,0.9817592558750201,0.0005564761350651098
2,0.007555699952227505,0.0003489594386622818,0.9920953406091102
2,0.00520391058852583,1.2866564743462525e-05,0.9947832228467306
2,0.052026338475821575,1.0352724685331834e-05,0.9479633087994931
2,0.0053419319839091576,0.00016179024642130386,0.9944962777696696
2,0.2412172147222305,0.014485229202587682,0.7442975560751818
0,0.5995646295221809,0.007732167920978481,0.39270320255684066
0,0.9996180942329105,0.0001581365627057887,0.00022376920438367352
2,0.06180589272150615,2.0462408519964073e-07,0.9381939026544087
1,2.903521903392236e-05,0.9999688846298653,2.080151100721467e-06
1,0.13194100709743237,0.8680436654901588,1.5327412408816242e-05
1,0.008970754456180613,0.9910145542907591,1.4691253060251997e-05
2,0.006467383320973076,0.012349427359583264,0.9811831893194437
2,0.24715569351181874,1.9474590119564942e-05,0.7528248318980617
0,0.9974642203817174,1.2150456943540979e-06,0.0025345645725882372
2,0.12158213449007428,6.286684040554018e-05,0.8783549986695203
2,0.0024505008420255213,0.0015991940746990535,0.9959503050832753
1,0.000631687955538373,0.9993648939323703,3.4181120912525957e-06
0,0.6717983266141351,0.04842891649539809,0.27977275689046693
0,0.9979232904055783,9.346470708853681e-05,0.0019832448873332168
2,0.05231011617192266,1.3583485640181066e-05,0.9476763003424372
1,0.00338158893767357,0.9945899065223972,0.00202850453992915
2,0.038028271189573366,1.3264429096432252e-06,0.961970402367517
1,0.08330224784576618,0.916420478026688,0.0002772741275457636
2,0.11994649560567834,1.1873686819970105e-05,0.8800416307075017
1,0.10114583990094542,0.8920925148687391,0.006761645230315464
2,0.4036122734107983,0.002275200944734293,0.5941125256444675
0,0.9989040827757104,0.0001980827733302869,0.000897834450959259
1,0.01715745106018399,0.9510570453480154,0.03178550359180079
2,0.29452105586222377,2.8174792368656247e-06,0.7054761266585393
2,0.04265892316855563,3.8078849800836785e-06,0.9573372689464643
2,0.0008605245537487154,5.5532770456818695e-06,0.9991339221692055
0,0.9938526472351098,0.006077875505223003,6.94772596670748e-05
1,0.0032606982341098906,0.9967383862030634,9.155628267986128e-07
0,0.8580482078311837,0.09814062069947609,0.043811171469340195
0,0.9431586668305235,0.0005650659165185437,0.056276267252958
2,0.00032052289839874684,1.709253500314736e-05,0.999662384566598
2,0.004426222351116388,1.4660087631281335e-05,0.9955591175612525
2,0.0029468505596331363,5.865116431419453e-05,0.9969944982760527
2,0.00015981173159975353,7.769659508432962e-07,0.9998394113024494
2,0.060509588057891854,0.0007194431826268173,0.9387709687594813
2,0.001485679972968693,6.374425664528202e-06,0.9985079456013668
0,0.7646356075916247,0.0006093012705665165,0.23475509113780874
0,0.9963432757059665,0.0003801871757588633,0.003276537118274621
1,0.0013439472277455985,0.9971843149873474,0.0014717377849071266
2,0.05993752658239544,7.083944402104106e-06,0.9400553894732024
0,0.9117324267182972,0.0011622025465728057,0.08710537073513003
1,0.00027232757307833327,0.9997270953488513,5.770780704297594e-07
2,0.15901155787412183,0.0011546153399654027,0.8398338267859127
0,0.8382242994987323,0.15584006324150884,0.005935637259758887
1,0.013940793785994896,0.9860412323353228,1.7973878682208807e-05
2,0.0057056520074718255,1.9669525896384276e-06,0.9942923810399386
1,0.22114955085410637,0.7740747675903688,0.004775681555525081
0,0.9172086394123927,0.08260078029803385,0.00019058028957349868
2,0.009260101056390909,2.431427445660065e-06,0.9907374675161633
1,4.1172047918942595e-05,0.9999462256615337,1.2602290547301042e-05
2,0.18078859043652615,0.0002225844120285905,0.8189888251514452
0,0.9946844587686582,0.0024743828499294916,0.0028411583814123144
1,0.0024817973657254764,0.9972692078093313,0.00024899482494312444
1,0.0773760570595103,0.9223054367834257,0.0003185061570639571
0,0.9999700691817366,7.619860492878642e-06,2.2310957770471102e-05
0,0.7429465463662344,0.00047903526917785643,0.25657441836458766
2,0.05544649771282737,2.7150625632033612e-05,0.9445263516615406
0,0.986516154748365,0.002592911493845633,0.010890933757789616
1,0.0005774586604674183,0.9994219721856185,5.69153914166506e-07
2,0.014399670259769596,1.6804653068147446e-05,0.9855835250871622
2,0.018528198266276125,9.500828835722528e-07,0.9814708516508404
2,0.001804941739905298,0.0032283745871741973,0.9949666836729205
0,0.9990889152646683,0.0008984317948366891,1.2652940494980675e-05
1,0.002053860988387603,0.9974034242633395,0.0005427147482727994
0,0.973837924916974,0.01120462334354615,0.014957451739479948
0,0.6894799215051232,0.30145345830806525,0.009066620186811652
2,0.011730069852247492,1.7188326437683702e-06,0.9882682113151089
2,0.015073111075153614,0.0002491515846583503,0.9846777373401879
1,0.14696476366233063,0.8508585252874464,0.002176711050222958
0,0.5495184151238114,0.44942455313384577,0.0010570317423427905
2,0.0012927762577373296,1.9106577299608272e-06,0.9987053130845327
1,0.0035310320354411152,0.9958010310221701,0.0006679369423887373
0,0.7971107115459612,0.00039453811488042716,0.2024947503391583
1,0.00038853691057414975,0.9995982214561469,1.3241633278902653e-05
0,0.9952431255351928,0.0014810704690911836,0.003275803995716021
0,0.8964881478405997,0.0053387598373113385,0.09817309232208893
0,0.992891422130913,0.007020483889000168,8.809398008680713e-05
1,0.00019047956265069477,0.9998071690471647,2.3513901847190675e-06
1,0.011280825694556159,0.9882001328747292,0.0005190414307145617
1,0.00014558475542857205,0.9997801268797074,7.428836486400987e-05
1,0.0038023483946173,0.9950807134696252,0.0011169381357575242
2,0.06512659138007948,6.714138468070154e-05,0.9348062672352397
2,0.00244719923078268,1.7553043845974434e-05,0.9975352477253713
2,0.22483853975046197,0.022905509375159512,0.7522559508743785
0,0.9798875054527717,0.020083546934688574,2.8947612539860776e-05
2,0.00844624361108054,3.8676530054623864e-05,0.9915150798588649
0,0.9999537118094044,2.959626325004326e-05,1.6691927345519795e-05
1,0.29763492414341663,0.6075076439584604,0.094857431898123
2,0.1141458985185095,0.0001522658564573001,0.8857018356250331
1,0.0012220796577617516,0.9983886136903614,0.0003893066518768995
2,0.49156103637455933,7.323872279408411e-05,0.5083657249026465
1,0.0005031047210330001,0.9994276223500844,6.92729288825769e-05
1,0.00042443336846406085,0.9995282764161831,4.7290215352710304e-05
0,0.9154420608414301,0.06951529499349583,0.015042644165074105
0,0.8613047200404382,0.017548813128211535,0.12114646683135015
0,0.9986223651686043,0.0012013753055305798,0.00017625952586525987
0,0.9991197524873302,0.00085372106729959,2.652644537002241e-05
2,0.004078616848453029,0.0006329861561643601,0.9952883969953826
0,0.9098243618086403,0.00087710941593173,0.08929852877542786
1,0.018949160751337665,0.9808564027277566,0.00019443652090558183
2,0.006030777805441012,8.251559077628484e-06,0.9939609706354815
2,0.0055096155718149685,0.00019368446273786114,0.9942966999654472
1,0.0005096652821821383,0.9994778303058186,1.2504411999172235e-05
1,0.0006397609675071214,0.9990795282336621,0.0002807107988307918
2,0.025308845778236375,3.390517582928663e-06,0.9746877637041806
2,0.0019130618107740258,1.6308186169116795e-05,0.9980706300030568
2,0.0069168896019264165,5.5820319909054455e-06,0.9930775283660825
0,0.52939471255867,0.003383467005301671,0.4672218204360282
2,0.00022509381852466197,1.1641795253717827e-05,0.9997632643862215
2,0.3102397576205506,0.005099859830559155,0.6846603825488903
1,0.385359930233174,0.522111595972687,0.09252847379413903
0,0.9999213135867027,1.3223746003320785e-05,6.54626672940801e-05
1,0.0007691378471246228,0.999229329041164,1.533111711424877e-06
2,0.016337160314558268,1.8273226745294718e-06,0.9836610123627673
1,0.005616741774450119,0.9943801779461955,3.080279354451253e-06
1,0.00014501274927810668,0.9997691773371443,8.58099135775545e-05
0,0.8887775139437472,0.00019006589293780383,0.11103242016331513
2,0.01042910582121517,0.01280749606535508,0.9767633981134298
1,0.32738031369967613,0.6707136956263164,0.0019059906740074614
0,0.9987190300197362,3.54468127365851e-05,0.0012455231675273261
0,0.9985948739931543,0.000985936748768032,0.0004191892580777431
0,0.9999914846520803,6.556509211427489e-07,7.859696998671882e-06
1,0.0037995428705841637,0.9949197895222902,0.001280667607125586
1,0.15750846946548563,0.8339059205540165,0.008585609980497877
0,0.9998732265680181,7.65970880351163e-05,5.017634394666877e-05
0,0.9660463006716122,0.0020584253635632034,0.03189527396482446
0,0.700568216697235,0.2984057667473769,0.001026016555388091
1,0.0009784169332673765,0.9990086931989246,1.2889867807948174e-05
0,0.9956181994560207,0.00418474735841957,0.00019705318555980798
2,0.16142094491533146,4.377418783394107e-05,0.8385352808968346
0,0.9971825913456881,0.0024849167975073247,0.0003324918568047017
0,0.9296458371753089,0.014969786445768114,0.055384376378923
1,0.0031286215378355533,0.9968074103327674,6.396812939691101e-05
1,3.4352963256424554e-05,0.9999644180810362,1.228955707288033e-06
0,0.9794421348428655,3.5499993979035154e-05,0.020522365163155334
0,0.9967220734072643,1.2582764614319494e-05,0.0032653438281213766
2,0.022417255149536363,0.037636646388417044,0.9399460984620465
0,0.9674142987653209,0.0010259920057198297,0.031559709228959405
1,0.006582173538212648,0.9933837750284882,3.4051433299047395e-05
1,0.00019685073676814125,0.9995526147516658,0.00025053451156616124
0,0.9549304382707577,0.0005071856452091742,0.04456237608403302
1,0.0011201765145411307,0.998876226782422,3.5967030367774892e-06
2,0.00027911545545488764,1.3028134176901538e-08,0.9997208715164109
2,0.0050005572996024445,0.4364839195491039,0.5585155231512936
0,0.996586986110624,6.68017756708879e-05,0.003346212113705032
0,0.9813623862347316,9.416692343901979e-07,0.018636672096033983
0,0.9946398046151355,0.002582089539447775,0.0027781058454166667
1,0.0008680122808866948,0.9981638318446762,0.0009681558744371468
2,0.0001037214033453564,3.938153490482146e-05,0.9998568970617498
0,0.9999396708589217,2.947204504637431e-06,5.738193657361362e-05
0,0.9448378337152913,0.0003279602640691872,0.054834206020639535
2,0.010789425136717677,0.00039632854345617014,0.9888142463198262
0,0.789495299840047,0.0001028409916365749,0.21040185916831652
1,0.029869659368273634,0.9380997268449152,0.03203061378681106
2,0.05159971985834846,1.1647439165227024e-05,0.9483886327024863
0,0.9950095662406064,0.0007458996481108077,0.004244534111282809
0,0.9566164693692268,0.04316603445070964,0.00021749618006340632
0,0.9664017294047762,0.00029383767802429537,0.03330443291719947
2,0.00020731771045261196,5.7606057656879475e-06,0.9997869216837817
0,0.9983105241158268,0.0015670667922869127,0.00012240909188622847
0,0.9845033640072981,0.015162506927545115,0.00033412906515670415
0,0.81656153919308,0.1745967097439676,0.008841751062952315
0,0.9916907050725492,0.008137535199718307,0.00017175972773240237
1,0.2582940259598412,0.7385882959766404,0.003117678063518275
0,0.9899361977411202,3.728011031371288e-06,0.010060074247848445
1,0.264250518878855,0.7355195636785118,0.0002299174426332717
1,0.013159607244463179,0.9858335905036331,0.0010068022519036449
2,0.10363728191995226,0.0006717999449326687,0.8956909181351151
0,0.9653564079182012,0.03439841417061296,0.00024517791118586863
2,0.0008671925947907323,4.991353712576835e-06,0.9991278160514967
1,0.0005273125800536163,0.9994392073190268,3.34801009196937e-05
0,0.9964118587046199,0.0031437323336423366,0.00044440896173760945
2,0.06528448425908201,0.007544705660130136,0.9271708100807879
2,0.01903844535720415,0.01671461967033002,0.9642469349724658
0,0.9971404087955852,0.0026706955275536317,0.0001888956768610349
2,0.05435113439431456,0.00019713665144113296,0.9454517289542442
1,0.2690586999206288,0.6936331814335058,0.0373081186458653
1,3.118761377385098e-05,0.9999429048035786,2.590758264751774e-05
2,0.05713212732513769,0.014324553014532768,0.9285433196603297
1,0.026231339052900496,0.9639925921335678,0.009776068813531621
2,0.0028135644672656825,0.0015209280939994425,0.9956655074387348
0,0.7384555549958648,1.2952425830319684e-05,0.26153149257830494
2,0.08421507292914754,1.2797733497052881e-06,0.9157836472975028
1,8.101742186048841e-05,0.9999122695056145,6.713072525094189e-06
0,0.9981199103666262,0.00013935171665115098,0.001740737916722677
1,0.0002007992358142741,0.9997916469087098,7.5538554759919494e-06
0,0.9991245469953308,1.2621800580627269e-05,0.0008628312040887378
0,0.9960074893837797,0.003538444708736714,0.0004540659074836293
0,0.9382755747310109,0.009354268264197775,0.05237015700479132
1,0.0018939353608268287,0.998081540119172,2.4524520001268042e-05
0,0.9931322258145281,4.487866217693451e-05,0.006822895523294922
0,0.9287098248965459,0.014568556920347241,0.05672161818310699
2,0.00045058084728777153,9.401983421395575e-05,0.9994553993184982
2,0.01676679718618938,0.000412405326526801,0.9828207974872839
2,0.23584087657933947,0.001594570564025706,0.7625645528566348
1,0.4352307374293007,0.5646624827820386,0.00010677978866071147
2,0.030013609986922294,0.00018944807295914187,0.9697969419401186
1,0.003943145588687147,0.9924827205202349,0.0035741338910779213
0,0.901939270557906,0.09157491883186783,0.006485810610226135
0,0.9912256432812876,0.0007624571542453486,0.008011899564467231
2,0.027997183589032682,0.01316164293426793,0.9588411734766995
2,0.4616498636636378,0.03181498516335995,0.5065351511730022
1,0.0007241294394241317,0.9992753170196282,5.535409476806611e-07
2,0.00043796827060541444,7.158634517175251e-06,0.9995548730948773
0,0.9322440369550183,0.0007798983073768463,0.06697606473760473
0,0.9801476897882478,0.006918314990086112,0.012933995221666173
2,0.0006094541592585042,2.4085350651956873e-05,0.9993664604900895
1,0.019132224653668414,0.9808419469759078,2.5828370423828005e-05
0,0.785116021208079,0.000494598932041295,0.2143893798598798
2,0.009837895098093375,4.734442902880494e-05,0.9901147604728778
2,0.007041901087107052,4.102881186348267e-06,0.9929539960317065
1,0.16622226825686656,0.8335876789984853,0.00019005274464828085
1,0.12132161496623398,0.8618764708353692,0.01680191419839669
0,0.996834368947635,0.00024253900374423594,0.0029230920486207684
0,0.991822869119415,4.060277454690406e-05,0.008136528106038017
1,0.0012873652376105707,0.998661689403677,5.094535871238442e-05
1,0.23609904454815897,0.7535009374370805,0.010400018014760561
1,1.7414614506575504e-05,0.9999819037391972,6.816462962987808e-07
2,0.013434862932225481,5.087075639126593e-08,0.9865650861970182
0,0.9450184608932348,0.0031656198340859636,0.05181591927267908
1,0.0031941020695920035,0.9964163357058092,0.0003895622245986515
0,0.9998541574941613,9.948078370249897e-06,0.0001358944274684577
2,0.04461151593033011,0.08349862940940336,0.8718898546602665
2,0.02196287725487157,6.921395444563469e-05,0.9779679087906827
1,0.06180068501708938,0.9372935810625713,0.0009057339203393696
1,0.0037792766786988626,0.9955787038861044,0.0006420194351969261
1,0.00026949744195337277,0.9986868928056933,0.001043609752353352
2,0.011635699969134595,7.748889443747599e-05,0.9882868111364279
2,0.0006699137307584648,1.580144954543733e-05,0.9993142848196962
1,0.3321253175302367,0.6584574158129027,0.009417266656860542
2,0.05633469711830817,0.002110544967391649,0.9415547579143001
2,0.044190466873832886,0.0006277721569897156,0.9551817609691775
1,0.006254983001141519,0.9933485372672913,0.0003964797315669368
1,0.0001593706128813964,0.9998405121786634,1.1720845504727816e-07
0,0.9994435462654,0.00018434701227435402,0.00037210672232564394
2,0.00015271504289320203,1.5031542497717322e-08,0.9998472699255643
1,4.928766520931903e-06,0.9999950633114542,7.92202499515196e-09
1,0.12400397124368025,0.8687176886538193,0.007278340102500323
0,0.952675110519869,0.00021786175006218363,0.04710702773006885
2,0.011895327380438737,0.025120074237060197,0.962984598382501
1,0.005903869679127005,0.994091387290309,4.743030564082188e-06
2,0.38272347402388046,0.014297841191341896,0.6029786847847776
0,0.965164618050326,2.4080133752220484e-05,0.03481130181592187
2,0.016298634160020968,5.9185829278894676e-05,0.9836421800107001
0,0.9927083493399398,0.006398978020156562,0.0008926726399037742
0,0.926095764433433,0.0737682773766101,0.0001359581899569111
2,0.0008016161805990288,1.5495996547849238e-06,0.9991968342197463
2,0.003155272078126029,3.514011854075586e-07,0.9968443765206886
0,0.9994351264263821,2.9346190519728523e-05,0.000535527383098139
1,0.00029213807806096053,0.9996223280878334,8.553383410562037e-05
2,0.0001654765458630761,1.2607991869638228e-05,0.9998219154622673
2,0.020895301194731885,4.291124383639115e-06,0.9791004076808846
1,0.00010587956877869825,0.9998930871822997,1.0332489216695141e-06
1,0.0008455484336907314,0.9991012577964111,5.3193769898007296e-05
2,0.010133176953381342,0.0003883706903052342,0.9894784523563134
2,0.003280374266452322,0.0009164564144250141,0.9958031693191226
2,0.014051939994472126,0.0004863211571235555,0.9854617388484044
1,0.004801596385496862,0.9946986580647906,0.0004997455497126448
1,0.4839102186412917,0.5150299740655061,0.0010598072932022616
2,0.02315033418077242,4.893241865077838e-06,0.9768447725773625
2,0.026558307181429423,0.0017218126812700468,0.9717198801373006
2,0.0776057610943697,9.889954630069212e-05,0.9222953393593295
0,0.7341367629871309,0.25184795272607674,0.01401528428679228
0,0.6037367020760507,0.3931310151143971,0.0031322828095522556
2,0.0015743677946264579,8.676960994183686e-09,0.9984256235284126
0,0.505480090549019,0.45593444290295915,0.03858546654802184
2,0.07432297668812851,0.00021985373342665345,0.9254571695784447
1,1.7268708344583125e-05,0.9999548416339737,2.7889657681884363e-05
2,0.004336538942130763,1.098925823912688e-05,0.9956524717996302
2,0.2538700209955907,0.0009390157785617632,0.7451909632258475
1,1.0349964077174109e-06,0.9999986910320008,2.7397159133247267e-07
0,0.9997928932373009,0.00016214188382495813,4.496487887406377e-05
1,0.0007569995840997894,0.9992424777662574,5.226496429371266e-07
1,0.01346105082574986,0.98520868782913,0.0013302613451201576
1,0.001132739933315021,0.9987994027385485,6.78573281363404e-05
1,0.005713178567236703,0.9609153089916768,0.03337151244108638
2,0.010771377857751003,0.0001430357705595593,0.9890855863716894
1,0.024373345778428573,0.9756177384785598,8.915743011568669e-06
0,0.9993700044051439,0.0005829562055296628,4.703938932639263e-05
1,0.00011650650138832952,0.9998824865534505,1.0069451612376532e-06
1,0.0007796008872591222,0.9992179320975773,2.4670151637102294e-06
0,0.9501639550145576,0.04889886624814882,0.0009371787372936504
0,0.89486219667186,0.00014392407951519637,0.10499387924862484
2,0.004827843701169233,5.522997198191343e-06,0.9951666333016326
1,0.011879432612697801,0.987573884399983,0.0005466829873192143
2,0.08760362422184044,6.763591845785626e-05,0.9123287398597018
0,0.670621758418333,0.28164713629809685,0.04773110528357001
0,0.9771535223692888,0.020935896415440625,0.0019105812152706398
2,0.013446155484537814,7.97152254425794e-05,0.9864741292900197
2,0.0017710995981138236,5.83176590742524e-05,0.9981705827428119
0,0.9789435133826998,0.0023499955456305266,0.018706491071669707
0,0.9776306306219107,4.659273689276564e-05,0.022322776641196508
0,0.9391497375248761,0.0031131312550574768,0.0577371312200665
1,0.00010067611723620184,0.9998599576308128,3.93662519511224e-05
1,0.002339747499056088,0.9935170672179977,0.004143185282946233
0,0.6577244727990459,5.352061229486044e-05,0.34222200658865926
0,0.9990485390675861,0.00016864407937999693,0.0007828168530339755
1,0.30508090253974735,0.6948831957951496,3.5901665103014426e-05
2,0.0008913738572368894,0.00019641461937131393,0.9989122115233917
1,0.16748860063994958,0.828095358653504,0.004416040706546397
1,0.003444129806723872,0.9965282953711462,2.757482213012666e-05
0,0.9690826982106232,0.027118803057300033,0.0037984987320769594
0,0.996362874834237,2.045958622606896e-05,0.0036166655795368575
0,0.9067110898013777,0.09320308025287763,8.582994574454234e-05
2,0.003951776175325671,5.268042711337237e-05,0.995995543397561
2,0.40154899613636785,5.6442650506077076e-06,0.5984453595985816
2,0.013425432163636125,4.079067853816228e-06,0.9865704887685101
0,0.9587295407086385,0.0308005808934869,0.01046987839787446
2,0.0030872890739925816,1.7461195830234902e-06,0.9969109648064245
2,0.07742364452862188,4.4472001490129353e-05,0.922531883469888
0,0.8895724261682783,0.09835870366807127,0.012068870163650663
0,0.6285081920969479,0.0014183758673713505,0.37007343203568066
0,0.9734941071073954,1.0257933890960585e-05,0.02649563495871353
1,2.6515228369591544e-05,0.9999693411271892,4.143644441188619e-06
0,0.9355439644515542,0.00690530058471134,0.05755073496373443
2,0.01610719146947608,3.4124184224534994e-07,0.9838924672886816
1,2.4760682310587136e-05,0.9999744885843034,7.507333860954898e-07
1,0.00012496867079603795,0.9998749582206369,7.310856707167463e-08
0,0.9900434621505343,0.003246150488667549,0.006710387360798149
0,0.9992587121139085,2.064630954184497e-05,0.0007206415765495435
2,0.4744010169519221,9.554856163706304e-05,0.5255034344864409
2,0.015330969364284332,0.002628409048442052,0.9820406215872737
1,0.2808918111468756,0.7186047506542106,0.0005034381989137758
2,0.0010821561066497551,5.085845941833809e-08,0.9989177930348908
0,0.997871858034245,0.0009608831948119132,0.0011672587709428651
1,0.0014235498245921555,0.9984868004887105,8.964968669744856e-05
1,0.05588538205766913,0.5224024995373737,0.4217121184049572
2,0.008625943574700133,2.857798426033877e-06,0.9913711986268738
2,0.007913577890074118,7.234227230190123e-07,0.992085698687203
0,0.9700484345993209,0.00019617599634181755,0.029755389404337258
2,0.2516132113100009,0.001623915586735507,0.7467628731032636
0,0.9918971006735129,0.0020329696304060736,0.006069929696080909
2,0.012161973775936226,7.750198882426864e-05,0.9877605242352394
0,0.9924261200780081,0.002034002957515492,0.0055398769644763625
0,0.9982361957591871,7.21982045242155e-05,0.001691606036288535
2,0.0003001464281385211,3.1449695280068906e-06,0.9996967086023335
0,0.9634256790152158,0.03625780039634526,0.00031652058843902384
1,0.09062610140946399,0.9091994722787782,0.00017442631175773517
1,0.015748156389500674,0.9839162304295045,0.00033561318099476536
2,0.36856266554014516,0.12395369228655245,0.5074836421733023
2,0.0006588638786943824,5.1375802988416366e-09,0.9993411309837253
2,0.0004134554049466344,1.0119492360251417e-05,0.9995764251026932
2,0.07756516351418241,1.329060229835594e-05,0.9224215458835192
1,0.0002922483623121057,0.9994644492980606,0.00024330233962728838
1,0.00015854105619368374,0.9998401029102459,1.3560335604237786e-06
0,0.9983025594886116,0.00046047156455691446,0.00123696894683157
0,0.9810166677776079,3.323787495323821e-05,0.0189500943474387
0,0.9912213324369302,0.004634796342348387,0.004143871220721421
2,0.176980823383577,7.683916881610378e-05,0.8229423374476069
2,0.0035203101360219537,2.162680858956134e-06,0.9964775271831191
2,0.014551186529505992,0.003480368581280479,0.9819684448892136
1,0.08559203630079809,0.907755498482071,0.006652465217130876
1,0.011709995893652668,0.9275135747580048,0.060776429348342605
1,0.06414649070572491,0.8524717536494322,0.08338175564484294
1,6.292651929405442e-06,0.999771760034315,0.0002219473137556485
0,0.5092405293638782,0.49075206473197236,7.405904149401907e-06
0,0.9955167998069221,0.0038107770506508156,0.0006724231424269477
0,0.9997003482580148,5.381583538014248e-06,0.00029427015844731946
2,0.00881187031540805,5.112167856556297e-05,0.9911370080060263
1,0.0001822445390669784,0.9997952652726282,2.2490188304794775e-05
2,0.15790747192803706,5.7208404704608494e-05,0.8420353196672583
0,0.9918951395769154,0.0013711147848873568,0.006733745638197109
1,0.0001642553563907087,0.9998353086241374,4.360194719039349e-07
0,0.9962108982645805,3.056096907558378e-05,0.0037585407663437804
0,0.9971507290304383,6.328709669941932e-05,0.002785983872862277
0,0.9843251613385064,5.5897668484802625e-05,0.015618940993008753
0,0.9999757629037643,1.9280320842982534e-05,4.956775392620864e-06
2,0.0005141439702901211,0.0002437675357279919,0.9992420884939818
0,0.9989413092242859,0.00041908739491674135,0.0006396033807973239
1,4.260605151925717e-05,0.9999572649260742,1.2902240655578606e-07
1,0.023669101992396992,0.9761318418199697,0.00019905618763330817
1,0.02885432353912284,0.9684279595879434,0.002717716872933976
1,0.07042084198613319,0.9270714722813453,0.002507685732521589
0,0.8505922190031037,0.12495148282468982,0.024456298172206504
2,0.0009891364949874163,8.716634803970178e-08,0.9990107763386645
2,0.07399012630672451,1.1368528623436229e-05,0.9259985051646521
2,0.011063180718529304,7.952542942294479e-05,0.9888572938520477
1,8.09792222695313e-05,0.9999186749596406,3.458180898291938e-07
0,0.9963201540675642,0.0033319325618273265,0.00034791337060836023
2,0.0022720901000756375,1.975254568947041e-06,0.9977259346453554
1,0.0011674134778315675,0.9957557994435071,0.0030767870786612386
0,0.9359091380154578,4.045048831393534e-06,0.06408681693571083
1,0.03546357950066258,0.9644416626757549,9.47578235823025e-05
2,0.004078690238070066,6.556596668489988e-05,0.995855743795245
1,0.06068719813713564,0.9393076346958819,5.167166982555497e-06
2,0.005702789379028983,0.021733681935994186,0.9725635286849769
2,0.04139017444638429,1.6648048108858874e-05,0.9585931775055069
0,0.9968902074805064,0.0004474161337936929,0.002662376385699891
2,0.010670864885811725,0.057515588949032206,0.9318135461651561
1,0.006139135152110027,0.9938396128503996,2.1251997490493802e-05
1,0.008218207198025032,0.9917383073970347,4.348540494015149e-05
0,0.8492570190957104,0.0026161500096456634,0.1481268308946439
2,0.03835506154103815,0.001848534923130719,0.9597964035358311
