predicted_class,prob_class_0,prob_class_1,prob_class_2
2,0.006143751738764914,0.0006578941853127513,0.9931983540759224
0,0.9868478951700683,0.009495322657387523,0.0036567821725439994
0,0.9962978448673007,0.0033394673804237256,0.00036268775227561636
2,0.009531502972353601,0.00176501869379762,0.9887034783338488
1,0.08384978174021716,0.9160593466202157,9.087163956707732e-05
1,2.7444846517762446e-05,0.9998694871552023,0.00010306799828001526
2,0.0011027831768046757,9.965895009742397e-06,0.9988872509281855
1,0.016062366998964545,0.9838629232385593,7.470976247632099e-05
2,0.3571920624251213,0.0028840273185982844,0.6399239102562805
2,0.0023995631820257304,8.028256171258907e-07,0.9975996339923571
1,0.005743451395875221,0.9936177637038738,0.0006387849002510767
1,0.00016097840004359289,0.9998305486258503,8.472974106078878e-06
2,0.05206791018857775,0.01829101654347044,0.9296410732679519
1,0.307182390878209,0.3876919390512168,0.3051256700705742
2,0.3656564608690489,0.00045661509408418007,0.6338869240368669
0,0.995114502532349,8.449467277084593e-05,0.004801002794880152
2,0.14085266494573434,0.0013160379072431967,0.8578312971470226
1,0.023991244397659966,0.9726183148976619,0.0033904407046781394
0,0.9889825004317027,0.00012266932162741958,0.010894830246669769
1,0.0016215645495716317,0.9969616534144384,0.0014167820359899921
2,0.3743430277173247,0.21900743298733752,0.4066495392953377
0,0.9988447994083848,0.0002413018639787095,0.0009138987276363024
1,0.0057307853721917995,0.9942132564717,5.5958156108130195e-05
2,0.0004677749680640406,2.7699659726688315e-05,0.9995045253722094
2,0.2942220498951706,0.012641769854918055,0.6931361802499114
1,0.0044256021946943195,0.9955647282760495,9.66952925608447e-06
1,0.0006904401179628948,0.9987708604146203,0.0005386994674169047
0,0.9327225768184007,0.0023484811456262874,0.06492894203597313
0,0.9191874446922681,0.00011672475283296543,0.080695830554899
2,0.01007396244524119,1.509984180520734e-06,0.9899245275705784
0,0.9996811991145947,0.0003169178776991017,1.8830077060552634e-06
0,0.8555123567838596,9.293264902256535e-07,0.1444867138896501
2,0.0052645828640817145,8.45914752832982e-07,0.9947345712211654
0,0.9339703917541913,6.377582195227846e-05,0.06596583242385652
0,0.9706732839961142,0.0085913834386146,0.020735332565271235
2,0.43418834877637597,0.0005885660006142702,0.5652230852230098
0,0.7873078686088734,6.81073211591559e-05,0.21262402406996753
1,0.0008799585426392456,0.9991145811897201,5.460267640767192e-06
1,0.03577136653418535,0.9125291895593456,0.05169944390646918
2,0.07722557281032127,8.642302369554277e-06,0.9227657848873091
2,0.0020324379065214623,0.0007388669969248514,0.9972286950965537
0,0.968615087774471,0.0006633615977769322,0.030721550627752184
0,0.5840498086750198,0.011249844834640668,0.40470034649033954
0,0.9998669064452224,1.3752407257803969e-05,0.00011934114751989519
2,0.0016181313670516624,0.003635104282678191,0.9947467643502702
2,0.10108002753688278,0.00020381567656254488,0.8987161567865546
0,0.5984549307838434,0.17520249364212953,0.2263425755740271
1,0.029677861389311836,0.969450803166231,0.0008713354444572024
0,0.9989214928642148,0.0009760096376062099,0.00010249749817885676
0,0.9997773688739513,3.560581599373595e-05,0.00018702531005507884
0,0.9551293293621814,0.04476660685931758,0.0001040637785009813
1,2.9908203080480962e-05,0.9999698135032827,2.7829363674483005e-07
2,0.008428129963269897,3.897631629689118e-05,0.9915328937204332
0,0.4501176382603221,0.1752861790116318,0.3745961827280461
2,0.010676060101858315,0.016398923193979308,0.9729250167041624
0,0.9998792608929163,9.055714097395876e-05,3.0181966109687684e-05
2,0.4042762216039408,0.0014089364916857832,0.5943148419043734
2,0.00022933873415102366,2.4679732899615273e-05,0.9997459815329492
2,0.018040491915937817,0.00028197734300094935,0.9816775307410612
2,0.035193329960914344,0.003756361064364894,0.9610503089747207
2,0.017067766373719963,4.928628142318166e-06,0.9829273049981379
0,0.9999281213973104,1.6105145967994435e-05,5.5773456721613494e-05
0,0.9715721282557002,0.0002574759945362031,0.028170395749763648
0,0.6137589011126994,0.386228369269662,1.272961763868622e-05
1,0.0003881830804613424,0.9996107348885227,1.0820310158486497e-06
2,0.0009128685149813597,6.575897552456412e-08,0.9990870657260431
0,0.7277926319056092,0.1719699157793765,0.1002374523150142
2,0.026631087610812343,0.0017642062604093264,0.9716047061287784
0,0.8778806990835017,0.04214492071124044,0.0799743802052577
2,0.00014796831029980704,1.6538827779388302e-05,0.9998354928619207
0,0.9241879506549513,0.07580236235078164,9.686994266994295e-06
0,0.9999587509038291,1.1952140876755023e-05,2.9296955294105307e-05
2,0.3979216025389337,0.0007727637672757184,0.6013056336937905
2,0.04876948315120117,0.0010219597485344202,0.9502085571002645
1,0.07315664271705195,0.9261216673620479,0.0007216899209001354
0,0.9942957711994336,0.0054787797522727714,0.00022544904829369873
1,0.025143789068476505,0.9748512560173423,4.954914181102429e-06
0,0.9847453469793334,0.007510657389603576,0.00774399563106304
2,0.003812067890902719,2.1342682425562887e-06,0.9961857978408547
2,0.0011992836510872286,7.08134190793737e-05,0.9987299029298334
0,0.9986409905775696,0.00020888722018973178,0.0011501222022405294
0,0.99958740358838,6.638579413018675e-06,0.00040595783220690937
0,0.994877851221684,0.0044676149025007,0.0006545338758153187
2,0.0016018724858733427,0.0001457842598886387,0.998252343254238
0,0.8148490433552925,0.18512655291128471,2.44037334229103e-05
2,0.0003278726876694291,1.0417896231643433e-07,0.9996720231333682
1,8.659920671873552e-05,0.999913356998366,4.3794915430409375e-08
1,0.01917818942132722,0.9804038003831094,0.00041801019556332537
0,0.991831807113326,0.006589270477496783,0.0015789224091772446
2,0.004142530985949021,4.1738518307294035e-05,0.9958157304957436
0,0.9992908043766795,0.0007083030550009168,8.925683195304032e-07
1,0.014510678263542062,0.9842258452780736,0.0012634764583844284
2,0.05816505388418794,6.860505214163289e-06,0.9418280856105979
1,6.547246840828923e-05,0.9999342056645113,3.218670806130838e-07
2,0.009698927304690132,9.741779082288768e-06,0.9902913309162276
0,0.4699406757647867,0.4018001316521014,0.12825919258311191
1,0.37475252560457273,0.43286331299463904,0.19238416140078823
1,0.000731008053678114,0.9988936170172714,0.00037537492905060683
1,0.002580785751162119,0.9974185386130923,6.756357455806237e-07
0,0.99372344796,0.006221752398312189,5.4799641687942143e-05
1,0.017065779900130997,0.9829339979898238,2.2211004519732577e-07
0,0.9988477094579946,0.0009794874509784339,0.00017280309102678913
1,0.03397343353439956,0.9656958408263785,0.0003307256392220542
1,6.640498406603762e-05,0.9999013302492584,3.226476667549484e-05
1,0.00601883623219598,0.9803023052643756,0.013678858503428431
1,0.2301218210181565,0.6837707884589447,0.086107390522899
1,0.00040769433686504254,0.9994225566323097,0.00016974903082519606
1,0.07076519997844087,0.9291607432046544,7.405681690482543e-05
0,0.9757750705600723,1.8411053494487313e-05,0.024206518386433395
1,0.0032771524358021064,0.996691217838403,3.1629725794750016e-05
0,0.9963424375635833,4.9470960497622815e-05,0.003608091475918989
0,0.9995932467192908,0.0003489057795682507,5.784750114084531e-05
1,0.09461645616109879,0.7237589442522356,0.1816245995866657
1,0.003988970545771994,0.9937470921754631,0.0022639372787649553
0,0.9941005732802274,0.000984542627475911,0.004914884092296725
1,4.596306835761294e-06,0.9999948677119384,5.359812259420457e-07
1,0.036605331231788225,0.9624072841006686,0.0009873846675434418
0,0.9273296165943065,0.055082974017908494,0.017587409387784907
0,0.5442987964637955,0.4538054755471487,0.001895727989055764
1,0.000858196779500675,0.998558100823917,0.0005837023965822341
0,0.999081671915553,0.00031889609353721773,0.0005994319909098293
2,0.0005792620596705368,2.9176461611867293e-08,0.9994207087638679
1,0.0005170107351991146,0.9994745205654215,8.468699379276134e-06
1,0.08003853439719806,0.9199518338113374,9.631791464544981e-06
1,0.006965699670905962,0.992841790524175,0.00019250980491920417
1,9.005707390978492e-06,0.9999899340395902,1.0602530187625203e-06
1,0.43726063320034814,0.5627317919775385,7.574822113359731e-06
2,0.008805698841465105,0.0021206777374964303,0.9890736234210384
2,0.09698548629041386,1.4384625464415339e-06,0.9030130752470398
2,0.003430726641649934,8.891629709699696e-05,0.996480357061253
0,0.8353406997682419,0.1526478415011667,0.012011458730591446
1,0.0002494251132351853,0.9997468951745443,3.6797122202507298e-06
2,0.007849746725772473,0.19594738991477825,0.7962028633594492
0,0.8453328536984405,0.0075229708987904756,0.14714417540276903
0,0.7969768202687058,0.17038434393085336,0.032638835800440864
1,0.01123758308958956,0.988596618412436,0.00016579849797441302
0,0.9914328490552723,0.006951425903872774,0.0016157250408549428
0,0.9992444421141211,0.0007186464807688124,3.69114051101532e-05
2,0.3742464642165867,0.000589388550252567,0.6251641472331608
0,0.9903321366567255,0.0001579539631607274,0.009509909380113792
0,0.9932632460864365,0.0017159333099591033,0.005020820603604381
0,0.992675371686066,0.0017550876839935838,0.005569540629940365
0,0.9990551324237317,0.0009285266718721211,1.6340904396137278e-05
0,0.997303458024362,4.357348274993226e-05,0.002652968492888082
2,0.001198192827393325,0.004731758530926728,0.9940700486416799
0,0.9574125751947362,0.04258678475380036,6.400514633390326e-07
2,0.0715101382682008,6.41139782346756e-05,0.9284257477535645
2,0.0048003159799138335,0.000122970965904711,0.9950767130541813
1,0.029260879390303262,0.9707386312551235,4.893545731133572e-07
2,0.01708052128743218,7.854013699057162e-06,0.9829116246988687
1,0.00235506430263706,0.997644537080334,3.9861702905376327e-07
0,0.9965780239820833,0.0011888717338459816,0.002233104284070792
1,0.002240299526691301,0.9977356808146607,2.4019658647902655e-05
0,0.7249347093885751,0.0004272900042257922,0.274638000607199
2,0.2533200556473375,0.0020677820824756546,0.7446121622701869
2,0.001072627544264718,5.194242384312591e-05,0.9988754300318922
0,0.650685008263336,0.3487769930850923,0.0005379986515718991
2,0.008849246478673928,0.0005717718476467985,0.9905789816736793
2,0.0446176202228496,1.801492688608439e-05,0.9553643648502642
1,0.0021414504314576912,0.9978580407617584,5.088067837207371e-07
1,1.2615814756852358e-05,0.9999846632816505,2.720903592705903e-06
0,0.9979214271800408,0.0020717261809955717,6.8466389636844964e-06
0,0.999908532395459,6.550071301044702e-05,2.5966891530482727e-05
1,2.8324572353563987e-05,0.9999703213685217,1.3540591246085193e-06
0,0.9995073400344818,2.7583240070216094e-05,0.000465076725447999
0,0.9944748444038959,0.0002603833616454547,0.005264772234458645
2,0.0017559670009550583,2.5204291035662257e-06,0.9982415125699414
2,0.00043643995995849816,1.4340462247278323e-05,0.9995492195777942
1,8.412260508486923e-05,0.9999136146062343,2.2627886809164056e-06
2,0.0488620269671528,2.1411922418321435e-05,0.9511165611104289
2,0.0298148869727405,6.263775888842556e-05,0.970122475268371
0,0.9834309090545011,0.016526431630153462,4.2659315345430594e-05
1,0.00022985202030484134,0.9971424839293177,0.002627664050377425
1,9.193094441261165e-05,0.9998816417376201,2.642731796737039e-05
0,0.9968877187499996,0.0001984396088329486,0.0029138416411674762
2,0.002970283550547413,4.473580332720888e-06,0.9970252428691198
1,0.288897519879078,0.6947311416508346,0.016371338470087194
1,0.1497455903428069,0.849948904535079,0.0003055051221141656
0,0.9008210221815073,0.0028319249350925277,0.09634705288340036
0,0.997986652628681,0.001031613797491465,0.0009817335738275704
2,0.01874388958645435,0.0016242013024270648,0.9796319091111186
0,0.9983774893059689,0.0007643491650786761,0.0008581615289524966
0,0.8841079274769574,0.0731113905924793,0.04278068193056331
0,0.9324990548838238,0.0035378373537193093,0.06396310776245695
1,0.016190421842254672,0.976990817863317,0.006818760294428309
1,0.0003010968754026203,0.9996720179198681,2.688520472931159e-05
1,0.0001620557921560368,0.9998078046793399,3.0139528504091423e-05
0,0.850777529641636,0.004850258334776515,0.1443722120235873
0,0.9335543547591227,0.06614855516723761,0.00029709007363962447
0,0.5432175930558453,8.163982754042881e-05,0.45670076711661434
1,0.00946311870200124,0.9898250167931502,0.000711864504848416
1,0.0036692812160398023,0.9963297649064586,9.538775016269845e-07
2,0.0008814780605497001,4.171024240401711e-06,0.9991143509152098
0,0.9673113568266363,0.0007983180307569689,0.031890325142606694
0,0.6153141763086406,0.38289024179342945,0.0017955818979299213
1,0.19360229926762676,0.8063781129382813,1.9587794092030722e-05
1,0.03426891417541352,0.9641484747919126,0.0015826110326739773
1,0.05908893932610284,0.9408465719905684,6.44886833288566e-05
2,0.001371726140974723,9.689616631659744e-08,0.998628176962859
1,0.0005968790874155969,0.9994030827810838,3.813150054161688e-08
2,3.456868679201067e-05,4.014739723638323e-05,0.9999252839159716
2,0.046452927664694034,1.215714956453033e-05,0.9535349151857414
1,0.017676982467883857,0.9823227549864747,2.625456415461208e-07
2,0.00789304811116553,1.987886603588459e-05,0.9920870730227986
1,0.023881067950209996,0.9761149771783889,3.954871401125343e-06
2,0.011316113634843576,3.668941501375782e-06,0.988680217423655
1,0.00892044932819189,0.9887073988340732,0.0023721518377349507
1,6.850623611712848e-05,0.9998332269534164,9.826681046649125e-05
1,0.005151773907583226,0.9947977127730844,5.051331933220149e-05
0,0.9998849454637712,9.753433146005285e-05,1.7520204768626753e-05
1,0.0010545074717569392,0.9988019072325776,0.00014358529566542487
2,0.0005724294510703599,0.0003660402206904837,0.9990615303282392
1,0.0002153622947041156,0.9906234341912239,0.00916120351407198
0,0.987229979069421,0.0011067464838708403,0.011663274446708028
1,2.1422678953096974e-05,0.9999691949308915,9.382390155624514e-06
0,0.995863037150054,2.190733852254884e-06,0.004134772116093616
0,0.9996165012757415,3.9500431591104534e-05,0.00034399829266750664
2,0.3399863369779228,8.988304189231962e-05,0.6599237799801848
1,0.4060315391426046,0.5939573114822941,1.1149375101278552e-05
0,0.9929132564829726,7.414821925774772e-05,0.007012595297769794
1,0.002911226649604851,0.9964192041124538,0.00066956923794125
2,0.06163339176654443,0.00017564859460244512,0.938190959638853
0,0.9999547823168597,3.185145094976578e-05,1.3366232190375322e-05
2,0.09525503559113832,0.0009896423985085946,0.9037553220103531
1,0.0006858023475725826,0.9992882284097694,2.5969242658048777e-05
2,0.01472542084900778,0.0029654886274173347,0.9823090905235748
1,7.843936710184275e-05,0.9999213670956304,1.9353726769367616e-07
1,0.005305988517921196,0.9759233825193738,0.018770628962705076
0,0.7758347644748792,0.022835567640646842,0.201329667884474
2,0.011912412977429425,4.3101495146634437e-07,0.9880871560076192
2,0.156618850810324,0.018973524345956328,0.8244076248437198
2,0.1900977070169606,0.0026793208427247643,0.8072229721403146
2,0.004631237448506723,2.665784594491004e-05,0.9953421047055484
2,0.0001643412974502612,3.0865958625424624e-08,0.9998356278365912
0,0.9984451649593474,9.912316857856609e-06,0.00154492272379459
2,0.005000629135892637,0.00010794421403782736,0.9948914266500695
1,0.001320429344335455,0.9984511236452368,0.00022844701042770558
1,0.0002599462469971883,0.9997397796101885,2.7414281428446276e-07
1,0.0005865862262863481,0.9993659471987016,4.7466575011923644e-05
2,0.016586058270946787,0.00023571955389122568,0.9831782221751619
2,0.0022455765737716283,1.7941264169882538e-07,0.9977542440135866
0,0.7562464436687761,0.00034699426620179123,0.24340656206502195
2,0.003563465527084543,0.00011018484409258332,0.9963263496288228
2,0.03947700913858777,9.834211392977255e-06,0.9605131566500194
1,0.0013939959107976793,0.9986003805445094,5.623544693033759e-06
0,0.9778085866626378,0.021505771268077907,0.000685642069284411
0,0.9967485011896848,0.0032379554229344863,1.3543387380720548e-05
2,0.0011667796029792288,1.2252644468460355e-06,0.9988319951325739
1,2.5759755693801167e-05,0.9999733409557953,8.992885110960036e-07
2,0.026861320447571824,0.00013199649346908344,0.9730066830589591
1,0.036908425523240536,0.9629528179198568,0.0001387565569027048
2,0.21247147528857022,0.018657976439486166,0.7688705482719436
1,0.07350172128920068,0.9243053718063272,0.002192906904472076
2,0.01768065651802204,1.608218334103069e-05,0.9823032612986369
0,0.9924106115049207,0.00039163700456619174,0.007197751490512934
1,0.0010710531902400797,0.998910606333206,1.8340476553916182e-05
2,0.0005141883313174313,1.249094497585927e-06,0.999484562574185
2,0.00038248534709056577,3.2221383395459643e-06,0.99961429251457
2,0.011639615769070698,0.0003855818602805211,0.9879748023706488
0,0.9998989143637145,6.921985261466511e-05,3.1865783670870094e-05
1,0.0008139724960084647,0.9991852276595563,7.99844435400924e-07
0,0.9866733253660384,0.0013367185005306128,0.011989956133431004
0,0.9740474223166187,0.00023005726603436734,0.025722520417346854
2,0.003332881344736728,3.766459672051679e-05,0.9966294540585429
2,2.735320754258269e-05,1.1999694585725528e-07,0.9999725267955116
2,0.0013073027558608273,2.543177124059199e-06,0.9986901540670151
2,0.00017206850919028848,4.880324274224191e-06,0.9998230511665355
2,0.028087328534722237,0.007109537405006684,0.9648031340602711
2,0.019416368437711804,0.014038937239274699,0.9665446943230135
0,0.9705810706620359,0.029411255576604577,7.673761359459142e-06
0,0.975537899738336,0.019221531218885094,0.005240569042778899
1,0.018568737276057276,0.975335240638162,0.0060960220857807
2,0.053556308287254266,0.00024338147253478713,0.9462003102402109
0,0.9289986983342341,0.0692837118729034,0.0017175897928626718
1,1.424724153719666e-05,0.9999857409022598,1.185620307512022e-08
2,0.004494110115613341,3.0322365561534272e-05,0.9954755675188252
0,0.8935506853423225,4.503745140449954e-05,0.10640427720627305
1,8.095162241301352e-05,0.999918999584788,4.8792798943830186e-08
2,0.0002520954050591541,3.128240950037495e-06,0.9997447763539908
2,0.00028901086157022074,9.957538569218844e-05,0.9996114137527377
0,0.9978648739110139,0.0006047416378068671,0.0015303844511793886
2,0.0003686622494249413,0.0015997095293690665,0.9980316282212061
1,0.00021773906690101904,0.9996491275831609,0.00013313334993801806
2,0.004539823404378965,0.001025963828648843,0.9944342127669723
0,0.5874755176474937,0.00018096011593540098,0.41234352223657084
1,0.009466272700492048,0.989719372209198,0.0008143550903098485
1,0.0013550746167007679,0.9982762980295394,0.00036862735375977815
0,0.9984235054980443,4.565104287982427e-05,0.0015308434590759075
2,0.001465288418416767,5.8532801152786176e-05,0.9984761787804304
0,0.997361572613457,0.00022796547814663752,0.0024104619083965143
0,0.9341482647203255,0.0024919187322719675,0.06335981654740255
1,5.805757970802002e-05,0.9999252744094307,1.666801086127393e-05
2,0.0037909513832417646,0.0011463789367792293,0.9950626696799789
2,0.007041349147022891,0.020794698470340062,0.972163952382637
2,3.542671511771723e-05,2.579779797248155e-05,0.9999387754869098
0,0.9318644670792283,0.06568610671510625,0.002449426205665366
1,0.0008753766368341188,0.998833323942773,0.0002912994203928752
0,0.8505064599080787,0.1388610105276554,0.010632529564265743
1,0.007229077616880108,0.982188165693323,0.010582756689796753
2,0.00742347911679463,0.0007871836354544426,0.991789337247751
2,0.15146573109519298,4.83795828748168e-05,0.8484858893219321
1,0.0019072057072378429,0.9980681001686037,2.469412415839562e-05
1,0.01712785790440622,0.9825722287921711,0.00029991330342278854
2,0.0002668849036431657,0.00016506061791147724,0.9995680544784454
1,0.10403751381978939,0.8929965313437409,0.0029659548364696637
1,0.09381380204603905,0.4978937756114149,0.4082924223425461
1,0.018120752200008892,0.9817267802584726,0.00015246754151851773
0,0.9378685642653732,0.00013657411800292927,0.061994861616623785
1,0.4304646344319535,0.43478561097118185,0.13474975459686467
0,0.9641120468750392,0.012555260623897417,0.023332692501063318
1,0.005853347237969038,0.9875733595777134,0.006573293184317698
1,0.1717900059171762,0.8129673455042379,0.015242648578585882
1,0.14265569662164843,0.8567244304642653,0.0006198729140863554
1,2.7256905558453413e-05,0.9998910998468531,8.164324758851565e-05
2,0.0013764248584204016,2.570839949111317e-05,0.9985978667420885
2,0.027867304218924725,0.0037393463084078884,0.9683933494726674
1,0.03880264893753145,0.9587078741319787,0.002489476930489767
0,0.9887871429713049,0.009805465039525884,0.0014073919891690425
2,0.011370091673272985,0.00033914539690317017,0.9882907629298239
0,0.9977376112437122,0.0003252553735676954,0.001937133382720284
0,0.951056413016255,0.04893148199194813,1.2104991796907193e-05
2,0.009662003039299082,7.485451491365693e-05,0.9902631424457872
1,0.0009527207247127048,0.9974369720338836,0.0016103072414035491
2,0.10915968209276028,1.4772107276161866e-05,0.8908255457999635
1,0.011164118223654413,0.9868734979175717,0.0019623838587737733
2,0.12087970255987528,0.04337018161846362,0.835750115821661
1,0.4359192299336298,0.5632633882619,0.0008173818044700323
0,0.9954339961366214,0.0014306116673108219,0.0031353921960677687
0,0.7509937795693297,0.013706104193013501,0.23530011623765681
0,0.9563472889557326,0.01586640703846725,0.02778630400580022
2,0.03220402310419208,0.005455589585232642,0.9623403873105751
0,0.9375838787638529,0.062128968830874896,0.0002871524052721834
1,0.047480010052478934,0.9522655598215563,0.0002544301259647217
1,0.3238289636120887,0.6475073849507518,0.0286636514371595
2,0.007983478376753379,0.00015374944956058392,0.991862772173686
1,2.3371288304941177e-06,0.9999976400153037,2.2855865924308342e-08
1,0.012193042421748318,0.9876938236032727,0.00011313397497902628
1,0.25993548847580167,0.5306672930839337,0.20939721844026465
2,0.023943810283150287,2.6261694504764233e-05,0.976029928022345
2,0.04100557284609483,0.00037491381686123376,0.958619513337044
2,0.002263677781721332,0.0002023764720505923,0.997533945746228
2,0.2477693934658146,0.017052859298716666,0.7351777472354687
0,0.8985953046998608,0.00010584059755437876,0.10129885470258482
1,0.0020526160028374613,0.9979472913399859,9.26571767576078e-08
0,0.9979255007044573,0.001904533593276562,0.00016996570226603794
1,0.002475240917492724,0.9966388221348601,0.0008859369476472883
2,0.002344507637977769,2.2250390829301023e-05,0.997633241971193
1,0.0019607430442737947,0.9979655332505302,7.372370519602126e-05
1,0.00029801784977053934,0.9996967493897151,5.232760514464009e-06
0,0.9943200293671268,0.00013053002343158419,0.0055494406094417
2,0.014016153225968114,1.2798706886715514e-06,0.9859825669033433
0,0.9719295058894054,0.023165285547799157,0.004905208562795286
0,0.5676799577802843,0.4323163485175358,3.6937021799088713e-06
0,0.9979355753182629,0.001742720270664423,0.00032170441107256213
0,0.6794618840991379,3.503855343687781e-05,0.32050307734742534
1,0.0348559906555036,0.9640193420330616,0.001124667311434946
1,6.675151850567943e-05,0.9999331909980484,5.7483445901335196e-08
0,0.9005894934380809,0.04991084382192815,0.04949966273999099
0,0.9980144545838459,0.00028570941855732474,0.0016998359975967867
0,0.8128619297649381,0.07949722968444582,0.10764084055061617
1,0.015980771358093504,0.9717936354845732,0.012225593157333174
2,0.001513901830825717,1.4219422274631892e-06,0.9984846762269468
2,0.00046081644530355647,4.240456152750194e-07,0.9995387595090812
2,0.07276323099702163,0.021266594062206563,0.9059701749407719
0,0.9945325888740182,0.0013722237198825465,0.0040951874060992195
1,9.419260892827673e-05,0.9999055329122666,2.7447880504731887e-07
1,0.00036316774466179275,0.9996040663937757,3.276586156236649e-05
0,0.9865319746626435,0.003892154975844329,0.009575870361512143
0,0.868763476619362,0.12101479612631187,0.010221727254326022
2,0.14454995998910034,0.0023152374502469495,0.8531348025606527
0,0.984868527694672,0.00020280540079753933,0.01492866690453032
1,0.014812749216268755,0.9836017409028105,0.001585509880920784
1,8.48537628460704e-06,0.9999901140879439,1.4005357715366094e-06
0,0.9370856482535658,9.128828634051695e-05,0.0628230634600939
1,0.0028936314137774713,0.9970969863494882,9.382236734276594e-06
2,0.00023822746360605465,9.776634045774022e-05,0.9996640061959362
2,0.0010476955659697623,0.0002562657550288385,0.9986960386790014
0,0.6488424146169431,0.004559969245794873,0.346597616137262
0,0.9606540223745087,0.039323097243643836,2.288038184752394e-05
0,0.9805873447043214,3.289122135554797e-05,0.01937976407432289
1,0.038809944879057034,0.9014618665313732,0.05972818858956975
2,0.0018050286760414,1.1951019945153273e-05,0.9981830203040134
0,0.9795254524123789,0.01123035379338992,0.009244193794231217
0,0.9845403842023067,0.015431639001074337,2.7976796618806776e-05
2,0.018548834581385655,5.831443619116555e-07,0.9814505822742525
0,0.9992668407136199,0.00042636291682714785,0.00030679636955299223
1,0.004646953552822029,0.942962322223731,0.052390724223447
2,0.016211164021818335,3.951394755913478e-05,0.9837493220306226
0,0.9681007031759468,0.0309455569965943,0.0009537398274588164
0,0.9969271460141108,0.0005172496683593622,0.0025556043175298197
0,0.9997518229579195,0.00011899865915454875,0.00012917838292596234
2,0.02493226790271748,0.005672211083873547,0.9693955210134089
0,0.9986797804430081,0.0013168818266525723,3.3377303393210813e-06
0,0.9590347882734531,0.0007474508474582081,0.04021776087908877
0,0.9994000153313364,0.00043651712343190183,0.00016346754523160283
0,0.9987384449339236,0.0012507632351133361,1.0791830963224039e-05
1,0.0020300398214886752,0.9979697940816379,1.6609687343655424e-07
0,0.9983310907299886,5.058810934519677e-06,0.0016638504590767982
1,0.3197517802700218,0.6801113760513173,0.00013684367866071255
1,1.9209420986117977e-05,0.999980674373997,1.1620501703252868e-07
2,0.3240742522119983,0.0058170132845851005,0.6701087345034166
0,0.9911146558299627,0.008859049923415524,2.6294246621776616e-05
2,0.2007000302050826,0.3923764144391369,0.40692355535578056
1,0.0019692239604331826,0.9980240676278358,6.708411731185488e-06
0,0.9980452795321106,0.0019132900744506347,4.1430393438751916e-05
2,0.009862536761941858,1.8923220815629624e-05,0.9901185400172426
2,0.03611455351787885,0.0004658478043193133,0.9634195986778019
0,0.9825441131239133,0.016737992673680133,0.0007178942024067402
2,0.003935913241790025,4.6247755422151495e-06,0.9960594619826678
1,0.0030732392891603803,0.9969192268617193,7.533849120387415e-06
1,0.08900749135373028,0.9008764280567001,0.010116080589569528
2,0.0011464572175757636,2.9191561628422116e-06,0.9988506236262614
1,0.0011846832166714269,0.9988036858710693,1.1630912259257373e-05
2,0.0003760520691564626,1.923097662831471e-07,0.9996237556210773
0,0.99942117006447,0.00023460495477961853,0.0003442249807504459
2,0.003049732985297657,3.652332384894893e-05,0.9969137436908534
1,0.00040078578771039807,0.9992568743359003,0.0003423398763892674
0,0.972469263252101,0.0033970512907372493,0.024133685457161626
1,0.0010403584351800649,0.9989102848009177,4.935676390209372e-05
0,0.9972950000532329,0.002625318289281199,7.96816574860724e-05
0,0.801636240648327,0.19810490808816347,0.00025885126350965446
0,0.9333627429836625,2.9142109554597287e-05,0.06660811490678302
1,0.05509344243215767,0.9407422650986537,0.00416429246918859
0,0.9998289968890904,2.69974131922759e-05,0.00014400569771748353
0,0.9995596041575803,0.0002494393450817922,0.00019095649733775856
2,0.0011260211141788654,5.290698442035713e-06,0.9988686881873792
2,0.029274587832760407,1.3255420860798524e-07,0.970725279613031
2,0.005705608722578124,8.734412128761764e-06,0.9942856568652931
0,0.5371648759373173,0.001247417894819164,0.46158770616786354
2,0.0186091662970473,0.06096708058782469,0.920423753115128
1,7.708483335407128e-05,0.9998206610117232,0.00010225415492282575
0,0.9281895390362114,8.13215784431646e-06,0.07180232880594418
1,0.08453152115193974,0.8276086364381225,0.08785984240993783
2,0.06576416271379237,5.399591666487535e-05,0.9341818413695427
0,0.9944550682314759,0.0017445807464630178,0.0038003510220611407
1,0.2553052127241486,0.7443228182115365,0.00037196906431496475
2,0.12634934144390736,0.027518856591003824,0.8461318019650887
0,0.9994355064301443,0.00011540691214101806,0.00044908665771453563
0,0.9699757217431377,0.021829129754849064,0.008195148502013146
2,0.001304509579210742,4.3654273220288427e-07,0.998695053878057
1,0.12003159793111277,0.8725826627490737,0.007385739319813611
0,0.4781681728632739,0.4109312503360249,0.11090057680070131
2,0.0015412338019599285,6.240201198222283e-05,0.9983963641860578
2,3.8701472422231124e-05,4.227700944353081e-06,0.9999570708266334
1,0.005225081809905763,0.9947702674327266,4.650757367621455e-06
1,0.004094903129284664,0.9958971706965739,7.92617414159503e-06
0,0.9741414661424835,0.01527937576559159,0.010579158091924857
2,0.15048659233175146,0.007123192585936316,0.8423902150823123
1,1.2350614051406955e-05,0.999986930845345,7.185406036117962e-07
0,0.9987087505968514,0.0009164613865104063,0.00037478801663825526
1,0.0006520026754772909,0.9990923777881426,0.00025561953638017195
2,0.08160607707924385,0.00016134663986993211,0.9182325762808862
0,0.9997677632105643,0.00022677972550853547,5.457063927028293e-06
1,0.0013002022855125896,0.9986968672704793,2.9304440080412208e-06
0,0.894911185117513,0.10491367087943748,0.0001751440030495105
2,0.00040823403375751766,5.700398190469766e-08,0.9995917089622606
0,0.9992243723987003,0.0007745960958887418,1.0315054111418255e-06
1,0.0010300071866774303,0.9989692817065926,7.111067299540968e-07
1,0.3114764136178745,0.65577061827319,0.03275296810893542
1,0.0006275845190395232,0.9993675538768692,4.861604091351861e-06
2,0.0010931968945881811,0.00010241288116356351,0.9988043902242484
2,0.0026115219660917464,2.895244887998226e-06,0.9973855827890202
1,0.004310903479240726,0.9954835412501221,0.00020555527063720935
2,0.36543153882924506,0.093813948317781,0.5407545128529739
2,0.000225993408165333,5.1814966774528424e-06,0.9997688250951572
1,0.001148533427282343,0.9746484265620673,0.02420304001065047
1,4.307109169616365e-05,0.9999388745537698,1.8054354533951344e-05
0,0.9910010822207566,0.00685719973219328,0.0021417180470501796
2,0.009439704386970612,0.00022452463997515342,0.9903357709730543
0,0.8657269101886608,0.13045300657983325,0.003820083231505959
1,0.0013135923448345263,0.9945662794824756,0.004120128172689938
0,0.977653414561467,0.00018150588724739666,0.022165079551285556
2,0.038722331897886444,0.0028110896814775043,0.9584665784206361
1,6.420547314008759e-05,0.9999308798252039,4.914701655969158e-06
2,0.0035867000416923006,2.038151297891676e-05,0.9963929184453287
0,0.9940713499375637,0.005635151957319937,0.0002934981051165011
2,0.004952178063570201,6.476397615005805e-07,0.9950471742966682
0,0.8212902306603008,0.05517547251758197,0.12353429682211726
0,0.959062227377971,0.001189647082582382,0.03974812553944663
2,0.048122704137728296,0.0059211012730510885,0.9459561945892206
2,0.0006490197654610601,7.860875024286907e-06,0.9993431193595147
0,0.976587039719174,0.019319821221516036,0.004093139059309696
1,0.0003245115164956342,0.9995973537477395,7.81347357649991e-05
0,0.6917804517174968,7.466969797287661e-05,0.3081448785845304
2,0.09002448184262946,5.573776717893167e-05,0.9099197803901916
1,0.00046054896110499347,0.9994821518633767,5.729917551824476e-05
1,0.0007877406822889969,0.9686596045548056,0.03055265476290546
2,0.005893019353438153,1.7161433516115713e-08,0.9941069634851283
2,0.0007898795816589682,4.104244792825848e-06,0.9992060161735482
2,0.0153843490450169,1.885994979544146e-05,0.9845967910051876
1,0.0012778465451796053,0.9985711756963773,0.00015097775844296729
0,0.9976682697965048,0.0009896571911462253,0.0013420730123490936
2,0.001499616999697135,1.4708603088861997e-06,0.9984989121399939
2,0.025905387250035206,3.0090128585852555e-06,0.9740916037371063
2,0.0003972475850073847,3.401103023911304e-05,0.9995687413847535
0,0.9975675096317184,0.0024202593926675752,1.2230975614226818e-05
1,0.09276543353507694,0.902596988683293,0.004637577781630189
2,0.006669860103990211,4.998082284067574e-08,0.993330089915187
0,0.7250853752301861,0.008169788730429723,0.2667448360393841
2,0.016879227183461843,0.0008727237780320809,0.9822480490385062
1,0.003482979406188737,0.9920701584315532,0.004446862162258
2,0.03759350522930953,5.205887763058969e-05,0.9623544358930599
2,0.13557196718533226,7.49644231491109e-05,0.8643530683915185
1,0.014857239493565575,0.9779320640685052,0.007210696437929305
1,0.2623659339224512,0.7358521063244751,0.0017819597530737258
1,0.0030471352524663593,0.9969495786452676,3.2861022660512677e-06
1,7.133626147003706e-05,0.9999202043331047,8.459405425361441e-06
1,0.04876967076841997,0.951039537448727,0.00019079178285296423
0,0.7776309137248687,0.22213365518865763,0.00023543108647364465
2,0.004877508251524827,0.01208399614474077,0.9830384956037345
1,0.00033353933392400574,0.8455978139407064,0.1540686467253695
0,0.9998232916495071,0.00012987348153071195,4.683486896208008e-05
1,0.05791043255548094,0.9415330970337252,0.0005564704107938789
1,0.0002595271587786738,0.999633275533826,0.00010719730739519755
0,0.9975398430273293,0.0023817618072993246,7.839516537126911e-05
0,0.9582837583106136,0.00016056230141360038,0.04155567938797274
2,0.00884328681396499,0.00023312476013924934,0.9909235884258959
1,0.001546146131556434,0.998442530635909,1.1323232534719717e-05
0,0.6429111202780399,0.00010774020843409303,0.35698113951352595
0,0.9949539826031115,0.004528429826713631,0.0005175875701748483
0,0.986851582907365,0.013017745268944348,0.00013067182369075082
0,0.6960121320935301,0.0002501559946967146,0.30373771191177334
2,0.015235925214334424,0.02358404693070272,0.9611800278549628
1,0.007314770191136733,0.9925015220759457,0.00018370773291735484
0,0.9131852687818698,0.08672969506416883,8.503615396132031e-05
0,0.994677451152887,0.0034985249911333957,0.0018240238559794591
1,0.03157369489338864,0.549879667421458,0.4185466376851534
1,0.3466396751193572,0.6514885054030801,0.0018718194775625293
0,0.9998570873912653,9.93014968928696e-06,0.0001329824590453607
2,0.3114366649486275,4.989994948074262e-06,0.6885583450564243
1,6.228151007125186e-05,0.9999360084342218,1.7100557069171738e-06
2,0.007227454467019908,1.971001483888633e-06,0.9927705745314963
1,0.02108082977786685,0.9760821817328516,0.002836988489281716
1,0.05432364239856561,0.9411918465433571,0.004484511058077296
0,0.9962608579168902,0.0007020155017975211,0.0030371265813121887
0,0.6636112179872242,0.0006550040377526216,0.3357337779750232
0,0.7235646549394881,0.26574766485828033,0.010687680202231709
2,0.0078287485619375,2.5427407525820668e-05,0.9921458240305367
2,0.0011146546865215014,0.00011349550687611817,0.9987718498066023
2,0.023112784732861637,0.00016997686635894768,0.9767172384007794
2,0.0006216318884613325,4.023803926759317e-06,0.999374344307612
2,0.0001774236211901497,2.8183817115964923e-06,0.9998197579970982
2,0.0010403212734133138,8.128121213426532e-09,0.9989596705984655
0,0.9699150028641403,0.0002570919844377792,0.02982790515142205
0,0.999844204372904,1.1368538159544389e-05,0.0001444270889365174
0,0.9996464908493229,0.00014981168167345447,0.0002036974690034442
1,0.010087101821954783,0.9898962188735426,1.6679304502669252e-05
0,0.9977177994597252,2.444934049976907e-05,0.002257751199775122
2,0.018076182324713818,1.7641202773820995e-05,0.9819061764725123
1,0.0008700312911027017,0.99907939303585,5.057567304710371e-05
1,0.0314260085034505,0.968522517284324,5.1474212225443676e-05
0,0.99033899946619,0.006560774419674355,0.003100226114135787
0,0.7242320604168621,0.2756247144816371,0.00014322510150085216
0,0.9959605573417897,0.0002637252519460207,0.0037757174062643603
2,0.010713646081231688,0.00017464918053678298,0.9891117047382315
1,0.004358001753837678,0.9836511517904296,0.011990846455732599
2,0.00894535672244734,3.3151114303178986e-08,0.9910546101264383
0,0.9949793384502084,0.00272857165111426,0.002292089898677421
1,9.392233095331614e-05,0.9999045970134492,1.4806555973261713e-06
1,0.020634589941249757,0.9793649396307543,4.704279959290226e-07
2,0.0005514108400242263,1.1085551757878798e-05,0.9994375036082179
2,0.0004192775696677177,2.9885944013772613e-06,0.9995777338359308
0,0.9828693972949487,0.01675231108526553,0.00037829161978574616
2,7.682568605873536e-05,3.7098268740960907e-06,0.9999194644870671
0,0.9474410618621268,0.052086277869256264,0.0004726602686169385
2,0.0005986375134745072,2.1336496655921424e-05,0.9993800259898695
0,0.872895746734765,0.0011926835541305508,0.1259115697111045
0,0.9885747167608906,0.009619027960250912,0.001806255278858554
2,0.0001892171701175425,4.4435956144491514e-05,0.9997663468737379
0,0.9974243562326353,0.002471324255147895,0.00010431951221681627
1,4.019124449127534e-05,0.999958948778608,8.599769007558747e-07
1,0.00022056873967405313,0.9997779630870209,1.4681733050148392e-06
0,0.5918582654482666,4.942324183187722e-05,0.4080923113099016
2,0.00036403054111185806,0.0026353891903877335,0.9970005802685004
2,0.005336924878010367,1.8665519569279587e-05,0.9946444096024204
0,0.9604783048371941,0.018569954604454347,0.02095174055835151
1,0.18618244652411037,0.6993860098628684,0.11443154361302131
1,0.02010490287915432,0.9774034702853308,0.002491626835514752
1,0.14008844463652445,0.7981930072664053,0.06171854809707017
2,0.10277657424846272,0.2717901245342569,0.6254333012172804
0,0.9966109704600083,1.2239112378169358e-06,0.0033878056287538474
2,0.00020665755358108127,2.6477878272269584e-08,0.9997933159685406
2,0.0018342284098343856,4.8515859988830764e-05,0.9981172557301767
2,0.21523870552269495,0.0015157996971317676,0.7832454947801734
1,0.03474506088382484,0.9652194392709293,3.549984524600522e-05
1,0.008830004805847367,0.9870781630554653,0.004091832138687419
1,0.0017004918806583912,0.9982696880832868,2.9820036054907546e-05
1,1.359315964062036e-05,0.9999861538657765,2.5297458291311885e-07
1,0.00043005529748660907,0.9995502116397844,1.9733062729016218e-05
0,0.9978254635124448,0.0019153911866171694,0.0002591453009380737
0,0.8117741196444705,0.18724945417599367,0.000976426179535814
2,0.01727683448906761,0.0026779203820696935,0.9800452451288627
1,0.08087462439297392,0.9161057607483656,0.003019614858660408
2,6.534536687876422e-05,9.67481167138429e-08,0.9999345578850045
0,0.9808111675690057,0.00036767608014448203,0.018821156350849765
0,0.5440942936664014,0.45589143206924687,1.42742643516635e-05
0,0.9976978560905251,0.00016715052288390325,0.002134993386591022
0,0.9943792081059664,0.0028734213259310206,0.0027473705681025492
0,0.9948569715417875,0.0020861519520758193,0.003056876506136668
0,0.9120845070097097,0.0005155463510103885,0.08739994663927994
2,0.3222842402483317,7.311938977413453e-06,0.6777084478126909
0,0.5196934756126259,0.4785919000154121,0.0017146243719618898
1,0.0010003033017675768,0.9989992673398967,4.29358335775222e-07
1,0.0315512255288367,0.9676323491745497,0.0008164252966136905
1,0.0006802584467994056,0.9986732529297492,0.0006464886234513165
1,0.007582240588360556,0.992293997845182,0.00012376156645735027
0,0.9950878566227087,0.00420257956728467,0.0007095638100066079
2,0.011666445241099303,0.0005918638173883872,0.9877416909415123
2,0.01917427146688173,0.0009469320706353586,0.9798787964624829
2,0.0694231162470735,0.014870572334192641,0.9157063114187339
1,0.005810260115509794,0.9941843486191875,5.391265302550102e-06
0,0.7745208216232422,0.22522471763570795,0.00025446074104968746
2,0.008346326439961424,0.00013617503005305923,0.9915174985299856
1,0.03637604297198721,0.9635659767075286,5.798032048425475e-05
1,0.027838925428850282,0.9720886930414343,7.238152971556171e-05
1,0.0005894223835363457,0.9916126749793527,0.007797902637110794
2,0.007816767774016254,5.40779276355195e-05,0.9921291542983482
1,0.0006686871932873625,0.9992963349557688,3.497785094408963e-05
0,0.49170056349973756,0.02051702769784317,0.4877824088024193
2,0.0013680306866230057,3.553617190881896e-05,0.9985964331414682
0,0.8954620700550137,0.10451889977916481,1.9030165821398858e-05
2,0.03664142743591406,1.1389762722051665e-06,0.9633574335878138
1,0.0039695572521339555,0.9952195332449965,0.0008109095028696339
1,0.005415654091096401,0.9945713018892692,1.3044019634303892e-05
0,0.509662749124271,0.4801623684604036,0.010174882415325302
2,0.0919141519108996,0.0009045016495689693,0.9071813464395314
